15-10-7 下午4:18
项目统计

     	  片段	  词汇	字符（无空白）	字符（含空白）	#Files	
总共：  	2081	8945	  49122	  55903	     4	
剩余：  	2050	8897	  48818	  55582	     4	
独特：  	1882	8610	  47234	  53887	     4	
剩余独特：	1854	8565	  46948	  53584	     4	


单文件统计：

文件名                       	 总片段	剩余片段	独特片段	剩余独特片段	总计词汇	剩余词汇	独特词汇	剩余独特词汇	总字符（无空白）	剩余字符（无空白）	独特字符（无空白）	剩余独特字符（无空白）	总字符（含空白）	剩余字符（含空白）	独特字符（含空白）	剩余独特字符（含空白）	
Catalogs/Compiler.catalog 	 320	 320	 317	   317	2263	2263	2254	  2254	   12322	    12322	    12248	      12248	   14297	    14297	    14217	      14217	
Catalogs/Debugger.catalog 	 133	 133	 124	   124	 718	 718	 668	   668	    3891	     3891	     3642	       3642	    4481	     4481	     4191	       4191	
Catalogs/Editor.catalog   	1414	1383	1241	  1213	4397	4349	4185	  4140	   24840	    24536	    23603	      23317	   27703	    27382	    26432	      26129	
Catalogs/Libraries.catalog	 214	 214	 200	   200	1567	1567	1503	  1503	    8069	     8069	     7741	       7741	    9422	     9422	     9047	       9047	
